IO        : 13.424723
Compute   : 264.066758
Timer Wall Time: 277.795349
