IO        : 13.250907
Compute   : 264.635540
Timer Wall Time: 278.179352
