IO        : 13.409715
Compute   : 265.335989
Timer Wall Time: 279.015564
