IO        : 10.428946
Compute   : 214.736958
Timer Wall Time: 225.399673
