IO        : 11.188666
Compute   : 236.013119
Timer Wall Time: 247.439728
