IO        : 12.093250
Compute   : 242.461658
Timer Wall Time: 254.798599
