IO        : 11.788953
Compute   : 236.970620
Timer Wall Time: 249.070236
