IO        : 10.620179
Compute   : 211.312606
Timer Wall Time: 222.164474
