IO        : 10.189224
Compute   : 195.440927
Timer Wall Time: 205.851746
