IO        : 16.684594
Compute   : 381.661430
Timer Wall Time: 399.224121
