IO        : 14.576493
Compute   : 266.848441
Timer Wall Time: 281.695496
