IO        : 12.800685
Compute   : 257.065781
Timer Wall Time: 270.121918
