IO        : 11.179484
Compute   : 225.865174
Timer Wall Time: 237.283066
