IO        : 12.582946
Compute   : 256.287938
Timer Wall Time: 269.111084
