IO        : 17.121645
Compute   : 334.417118
Timer Wall Time: 351.914948
