IO        : 11.900433
Compute   : 232.978504
Timer Wall Time: 245.205582
