IO        : 9.929544
Compute   : 204.217878
Timer Wall Time: 214.358368
