IO        : 11.337891
Compute   : 225.799909
Timer Wall Time: 237.371872
