IO        : 12.705696
Compute   : 259.654805
Timer Wall Time: 272.633606
