IO        : 10.422819
Compute   : 213.154539
Timer Wall Time: 223.831680
