IO        : 11.635874
Compute   : 231.462110
Timer Wall Time: 243.349884
