IO        : 13.040423
Compute   : 257.332060
Timer Wall Time: 270.735626
