IO        : 10.262103
Compute   : 200.038786
Timer Wall Time: 210.562485
