IO        : 10.329726
Compute   : 217.157200
Timer Wall Time: 227.754333
