IO        : 11.079133
Compute   : 215.619555
Timer Wall Time: 226.910263
