IO        : 11.330438
Compute   : 233.430096
Timer Wall Time: 244.995880
