IO        : 11.181814
Compute   : 227.202011
Timer Wall Time: 238.664932
