IO        : 11.885754
Compute   : 229.048095
Timer Wall Time: 241.208130
