IO        : 11.805345
Compute   : 232.940447
Timer Wall Time: 244.977127
