IO        : 12.660167
Compute   : 235.938459
Timer Wall Time: 248.851379
