IO        : 13.895463
Compute   : 272.873382
Timer Wall Time: 287.180145
