IO        : 13.385517
Compute   : 264.127126
Timer Wall Time: 277.788727
