IO        : 12.301881
Compute   : 235.748293
Timer Wall Time: 248.354263
