IO        : 12.089191
Compute   : 236.018947
Timer Wall Time: 248.338211
