IO        : 12.023605
Compute   : 235.542510
Timer Wall Time: 247.839417
