IO        : 12.139909
Compute   : 239.723062
Timer Wall Time: 252.105118
