IO        : 11.521282
Compute   : 235.358314
Timer Wall Time: 247.121765
