IO        : 11.804449
Compute   : 238.606052
Timer Wall Time: 250.650574
