IO        : 14.275373
Compute   : 311.051004
Timer Wall Time: 325.717285
