IO        : 13.958420
Compute   : 261.534288
Timer Wall Time: 275.741211
