IO        : 15.625168
Compute   : 299.327482
Timer Wall Time: 315.231506
