IO        : 12.276752
Compute   : 232.713034
Timer Wall Time: 245.206360
