IO        : 10.776433
Compute   : 217.224507
Timer Wall Time: 228.305328
