IO        : 11.233761
Compute   : 225.549270
Timer Wall Time: 237.007294
