IO        : 10.863938
Compute   : 218.002098
Timer Wall Time: 229.125610
