IO        : 11.599520
Compute   : 224.473040
Timer Wall Time: 236.300339
