IO        : 11.122456
Compute   : 224.074662
Timer Wall Time: 235.428894
