IO        : 13.120848
Compute   : 262.123052
Timer Wall Time: 275.603577
