IO        : 9.621043
Compute   : 193.816033
Timer Wall Time: 203.674561
