IO        : 13.660402
Compute   : 262.423426
Timer Wall Time: 276.330688
