IO        : 13.558044
Compute   : 266.677358
Timer Wall Time: 280.505096
