IO        : 11.030732
Compute   : 213.176201
Timer Wall Time: 224.439270
