IO        : 16.720432
Compute   : 328.414854
Timer Wall Time: 345.637573
