IO        : 10.677382
Compute   : 213.224575
Timer Wall Time: 224.122818
