IO        : 11.126557
Compute   : 213.948469
Timer Wall Time: 225.339371
