IO        : 11.635101
Compute   : 231.302249
Timer Wall Time: 243.213852
