IO        : 12.412240
Compute   : 228.882738
Timer Wall Time: 241.516373
