IO        : 10.800785
Compute   : 221.269404
Timer Wall Time: 232.294922
