IO        : 14.458751
Compute   : 270.307405
Timer Wall Time: 285.023804
