IO        : 13.172606
Compute   : 264.317043
Timer Wall Time: 277.732788
