IO        : 9.598233
Compute   : 197.427399
Timer Wall Time: 207.267761
