IO        : 12.767890
Compute   : 264.609282
Timer Wall Time: 277.615936
