IO        : 11.985692
Compute   : 233.360057
Timer Wall Time: 245.578461
