IO        : 11.468615
Compute   : 209.819541
Timer Wall Time: 221.517426
