IO        : 11.281134
Compute   : 235.343075
Timer Wall Time: 246.854660
