IO        : 12.163956
Compute   : 239.904069
Timer Wall Time: 252.298325
