IO        : 11.633280
Compute   : 238.395973
Timer Wall Time: 250.264526
