IO        : 10.403029
Compute   : 209.468187
Timer Wall Time: 220.082016
