IO        : 13.543933
Compute   : 262.362558
Timer Wall Time: 276.155060
