IO        : 15.682366
Compute   : 314.389173
Timer Wall Time: 330.433228
