IO        : 10.580560
Compute   : 218.370785
Timer Wall Time: 229.188904
