IO        : 11.309868
Compute   : 225.123951
Timer Wall Time: 236.665833
