IO        : 10.506713
Compute   : 216.296337
Timer Wall Time: 227.028687
