IO        : 12.673139
Compute   : 266.528800
Timer Wall Time: 279.451813
