IO        : 12.047938
Compute   : 227.485036
Timer Wall Time: 239.861206
