IO        : 10.570667
Compute   : 210.105993
Timer Wall Time: 220.892288
