IO        : 12.955518
Compute   : 266.983933
Timer Wall Time: 280.274078
