IO        : 13.421516
Compute   : 264.267399
Timer Wall Time: 278.020691
