IO        : 13.325776
Compute   : 267.637492
Timer Wall Time: 281.275818
