IO        : 10.443583
Compute   : 212.900683
Timer Wall Time: 223.553650
