IO        : 10.828193
Compute   : 222.943160
Timer Wall Time: 234.000549
