IO        : 11.914821
Compute   : 236.992819
Timer Wall Time: 249.215805
