IO        : 11.673875
Compute   : 241.445441
Timer Wall Time: 253.353699
