IO        : 17.711325
Compute   : 402.955394
Timer Wall Time: 421.274170
