IO        : 12.112820
Compute   : 232.615548
Timer Wall Time: 245.024857
