IO        : 11.498534
Compute   : 231.715719
Timer Wall Time: 243.449829
