IO        : 11.015486
Compute   : 226.029484
Timer Wall Time: 237.311783
