IO        : 11.828531
Compute   : 232.135908
Timer Wall Time: 244.207687
