IO        : 11.832466
Compute   : 232.599582
Timer Wall Time: 244.675537
