IO        : 13.609744
Compute   : 265.262450
Timer Wall Time: 279.142426
