IO        : 12.161666
Compute   : 249.042019
Timer Wall Time: 261.500702
