IO        : 11.213880
Compute   : 225.627796
Timer Wall Time: 237.099243
