IO        : 17.132328
Compute   : 333.126747
Timer Wall Time: 350.647705
