IO        : 13.066085
Compute   : 267.892901
Timer Wall Time: 281.220428
