IO        : 13.656087
Compute   : 268.731524
Timer Wall Time: 282.647522
