IO        : 12.027131
Compute   : 242.806016
Timer Wall Time: 255.075546
