IO        : 11.375947
Compute   : 234.296852
Timer Wall Time: 245.950180
