IO        : 13.418723
Compute   : 289.859292
Timer Wall Time: 303.585205
