IO        : 13.227172
Compute   : 269.432806
Timer Wall Time: 282.916321
