IO        : 11.420047
Compute   : 231.125104
Timer Wall Time: 242.772186
