IO        : 13.169610
Compute   : 268.521878
Timer Wall Time: 281.944794
