IO        : 11.307815
Compute   : 240.261297
Timer Wall Time: 251.812790
