IO        : 12.816824
Compute   : 262.053993
Timer Wall Time: 275.145660
