IO        : 13.410005
Compute   : 233.745975
Timer Wall Time: 247.395721
