IO        : 13.090009
Compute   : 260.887079
Timer Wall Time: 274.219849
