IO        : 10.502131
Compute   : 217.059209
Timer Wall Time: 227.892609
