IO        : 11.198722
Compute   : 219.763419
Timer Wall Time: 231.209351
