IO        : 16.459998
Compute   : 333.438542
Timer Wall Time: 350.317566
