IO        : 11.607137
Compute   : 226.916547
Timer Wall Time: 238.845367
