IO        : 13.371715
Compute   : 261.495564
Timer Wall Time: 275.200531
