IO        : 11.457564
Compute   : 228.922165
Timer Wall Time: 240.602585
