IO        : 12.093792
Compute   : 227.598945
Timer Wall Time: 239.922485
