IO        : 11.204554
Compute   : 216.426729
Timer Wall Time: 227.962799
