IO        : 25.906911
Compute   : 29.964991
Timer Wall Time: 57.055592
