IO        : 31.543731
Compute   : 39.010244
Timer Wall Time: 71.688469
