IO        : 23.589907
Compute   : 31.892093
Timer Wall Time: 56.236401
