IO        : 22.657059
Compute   : 30.882245
Timer Wall Time: 54.303284
