IO        : 19.698123
Compute   : 29.090160
Timer Wall Time: 49.462234
