IO        : 23.757364
Compute   : 37.552998
Timer Wall Time: 62.363876
