IO        : 27.170352
Compute   : 37.072483
Timer Wall Time: 64.892563
