IO        : 24.008386
Compute   : 29.779464
Timer Wall Time: 55.099159
