IO        : 24.811137
Compute   : 32.747177
Timer Wall Time: 58.071632
