IO        : 27.311120
Compute   : 32.783195
Timer Wall Time: 60.768383
