IO        : 31.708345
Compute   : 43.301779
Timer Wall Time: 76.271049
