IO        : 21.173793
Compute   : 26.766548
Timer Wall Time: 49.097240
