IO        : 32.244797
Compute   : 42.379458
Timer Wall Time: 75.686852
