IO        : 24.097536
Compute   : 28.525008
Timer Wall Time: 53.258881
