IO        : 30.856038
Compute   : 33.036542
Timer Wall Time: 64.670158
