IO        : 20.779393
Compute   : 35.372892
Timer Wall Time: 56.744366
