IO        : 35.514048
Compute   : 43.419114
Timer Wall Time: 80.012962
