IO        : 23.924606
Compute   : 32.412247
Timer Wall Time: 56.906609
