IO        : 33.296265
Compute   : 38.286902
Timer Wall Time: 72.817696
