IO        : 27.640748
Compute   : 33.819928
Timer Wall Time: 62.083866
