IO        : 28.247954
Compute   : 38.812617
Timer Wall Time: 68.467400
