IO        : 31.918745
Compute   : 48.062678
Timer Wall Time: 81.515892
