IO        : 20.420634
Compute   : 28.909531
Timer Wall Time: 49.904385
