IO        : 26.721094
Compute   : 34.119148
Timer Wall Time: 61.536671
