IO        : 24.985936
Compute   : 30.723020
Timer Wall Time: 56.345600
