IO        : 23.327313
Compute   : 36.149220
Timer Wall Time: 60.263069
