IO        : 33.436012
Compute   : 42.528256
Timer Wall Time: 76.661011
