IO        : 30.085651
Compute   : 39.406574
Timer Wall Time: 70.487999
