IO        : 26.441043
Compute   : 35.854880
Timer Wall Time: 62.759472
