IO        : 25.321184
Compute   : 40.172044
Timer Wall Time: 66.569031
