IO        : 21.740367
Compute   : 31.084937
Timer Wall Time: 53.415131
