IO        : 21.170910
Compute   : 29.679484
Timer Wall Time: 51.795589
