IO        : 30.565787
Compute   : 38.882628
Timer Wall Time: 70.069931
