IO        : 22.680459
Compute   : 35.304614
Timer Wall Time: 58.649857
