IO        : 27.325075
Compute   : 33.385268
Timer Wall Time: 61.392120
