IO        : 30.229407
Compute   : 36.486525
Timer Wall Time: 67.440865
