IO        : 21.713955
Compute   : 29.062320
Timer Wall Time: 51.340073
