IO        : 29.967602
Compute   : 42.713446
Timer Wall Time: 74.141373
