IO        : 30.705663
Compute   : 41.515880
Timer Wall Time: 73.347557
