IO        : 23.099006
Compute   : 31.913697
Timer Wall Time: 55.430824
