IO        : 24.196226
Compute   : 26.841695
Timer Wall Time: 51.883530
