IO        : 25.378168
Compute   : 31.757539
Timer Wall Time: 57.983967
