IO        : 26.696823
Compute   : 34.173602
Timer Wall Time: 61.975941
