IO        : 20.151488
Compute   : 34.862920
Timer Wall Time: 55.673557
