IO        : 26.847015
Compute   : 39.038564
Timer Wall Time: 67.516434
