IO        : 29.306352
Compute   : 42.529410
Timer Wall Time: 72.360771
