IO        : 21.228966
Compute   : 29.695254
Timer Wall Time: 52.020096
