IO        : 26.487038
Compute   : 34.766204
Timer Wall Time: 62.248753
