IO        : 22.598133
Compute   : 34.833397
Timer Wall Time: 58.052017
