IO        : 31.316615
Compute   : 38.467755
Timer Wall Time: 70.887100
