IO        : 28.011000
Compute   : 41.667158
Timer Wall Time: 70.224182
