IO        : 26.978561
Compute   : 34.768372
Timer Wall Time: 62.471607
