IO        : 26.864207
Compute   : 38.366418
Timer Wall Time: 65.934555
