IO        : 23.244556
Compute   : 36.745113
Timer Wall Time: 61.284863
