IO        : 25.693852
Compute   : 32.245328
Timer Wall Time: 59.879982
