IO        : 18.083489
Compute   : 35.609451
Timer Wall Time: 54.752827
