IO        : 28.576449
Compute   : 36.604892
Timer Wall Time: 65.659050
