IO        : 24.471168
Compute   : 32.613813
Timer Wall Time: 58.092258
