IO        : 27.836842
Compute   : 48.118706
Timer Wall Time: 77.098717
