IO        : 8.866148
Compute   : 0.964213
Timer Wall Time: 10.692838
