IO        : 25.176012
Compute   : 37.231289
Timer Wall Time: 63.562435
