IO        : 34.141382
Compute   : 49.324844
Timer Wall Time: 84.544983
