IO        : 27.575814
Compute   : 35.070418
Timer Wall Time: 63.165684
