IO        : 27.288032
Compute   : 34.160423
Timer Wall Time: 62.064205
