IO        : 29.136034
Compute   : 32.549527
Timer Wall Time: 62.665192
