IO        : 37.533117
Compute   : 36.554921
Timer Wall Time: 75.907471
