IO        : 30.719207
Compute   : 37.894420
Timer Wall Time: 69.063515
