IO        : 23.594691
Compute   : 36.690721
Timer Wall Time: 60.923409
