IO        : 28.894702
Compute   : 37.600779
Timer Wall Time: 67.543365
