IO        : 28.123647
Compute   : 33.503398
Timer Wall Time: 62.442814
