IO        : 20.351798
Compute   : 32.649814
Timer Wall Time: 53.819569
