IO        : 28.717307
Compute   : 32.578392
Timer Wall Time: 62.155174
