IO        : 32.276842
Compute   : 43.284250
Timer Wall Time: 76.686272
