IO        : 24.598662
Compute   : 32.242707
Timer Wall Time: 57.444695
