IO        : 23.290310
Compute   : 27.976666
Timer Wall Time: 51.913956
