IO        : 34.345757
Compute   : 48.581327
Timer Wall Time: 83.684082
