IO        : 20.025311
Compute   : 32.348323
Timer Wall Time: 52.980022
