IO        : 24.604879
Compute   : 29.039783
Timer Wall Time: 55.060669
