IO        : 20.113714
Compute   : 28.502367
Timer Wall Time: 49.040100
