IO        : 19.635472
Compute   : 28.059017
Timer Wall Time: 48.941566
