IO        : 28.837121
Compute   : 37.650176
Timer Wall Time: 67.148438
