IO        : 23.868478
Compute   : 32.966720
Timer Wall Time: 57.839958
