IO        : 22.061071
Compute   : 29.878922
Timer Wall Time: 52.595753
