IO        : 22.608754
Compute   : 31.448198
Timer Wall Time: 54.725445
