IO        : 27.819294
Compute   : 34.014713
Timer Wall Time: 63.116550
