IO        : 23.551230
Compute   : 30.308303
Timer Wall Time: 54.820526
