IO        : 27.808057
Compute   : 41.826232
Timer Wall Time: 70.707993
