IO        : 24.947686
Compute   : 32.284616
Timer Wall Time: 58.047523
