IO        : 27.317518
Compute   : 29.194774
Timer Wall Time: 57.240017
