IO        : 22.602922
Compute   : 32.872759
Timer Wall Time: 56.098557
