IO        : 32.542274
Compute   : 44.799343
Timer Wall Time: 78.566177
