IO        : 22.820815
Compute   : 28.702650
Timer Wall Time: 52.859646
