IO        : 29.057534
Compute   : 35.420318
Timer Wall Time: 65.079926
