IO        : 18.822138
Compute   : 30.181638
Timer Wall Time: 49.953297
