IO        : 22.915845
Compute   : 31.756982
Timer Wall Time: 55.760826
