IO        : 22.389363
Compute   : 30.298739
Timer Wall Time: 53.872040
