IO        : 22.181208
Compute   : 28.972746
Timer Wall Time: 52.050831
