IO        : 23.506400
Compute   : 31.911657
Timer Wall Time: 56.587215
