IO        : 27.950095
Compute   : 29.433527
Timer Wall Time: 58.426720
