IO        : 23.453307
Compute   : 29.903239
Timer Wall Time: 53.794441
