IO        : 24.967248
Compute   : 31.242891
Timer Wall Time: 56.845356
