IO        : 29.692073
Compute   : 33.376800
Timer Wall Time: 64.479568
