IO        : 22.935558
Compute   : 31.506992
Timer Wall Time: 55.408916
