IO        : 26.776354
Compute   : 33.091386
Timer Wall Time: 61.204346
