IO        : 35.054369
Compute   : 43.594946
Timer Wall Time: 80.164696
