IO        : 20.925251
Compute   : 28.242599
Timer Wall Time: 49.675518
