IO        : 22.745760
Compute   : 33.637020
Timer Wall Time: 56.896652
