IO        : 20.774439
Compute   : 29.014564
Timer Wall Time: 50.477184
