IO        : 34.617256
Compute   : 46.333700
Timer Wall Time: 82.466095
