IO        : 29.643819
Compute   : 38.517462
Timer Wall Time: 68.749138
