IO        : 26.310331
Compute   : 40.402422
Timer Wall Time: 67.856575
