IO        : 27.904344
Compute   : 36.479272
Timer Wall Time: 65.248474
