IO        : 22.306287
Compute   : 32.640049
Timer Wall Time: 55.577942
