IO        : 29.453864
Compute   : 49.358585
Timer Wall Time: 80.044273
