IO        : 21.854165
Compute   : 32.170573
Timer Wall Time: 55.294888
