IO        : 26.750532
Compute   : 40.177529
Timer Wall Time: 68.383949
