IO        : 25.132360
Compute   : 29.858827
Timer Wall Time: 55.681149
