IO        : 29.596401
Compute   : 39.252462
Timer Wall Time: 69.605049
