IO        : 26.084903
Compute   : 30.740358
Timer Wall Time: 58.172337
