IO        : 23.414966
Compute   : 31.199085
Timer Wall Time: 55.436852
