IO        : 29.408284
Compute   : 34.688444
Timer Wall Time: 65.439934
