IO        : 23.248773
Compute   : 33.061962
Timer Wall Time: 56.988762
