IO        : 27.679310
Compute   : 35.933310
Timer Wall Time: 64.339256
