IO        : 29.748973
Compute   : 35.596382
Timer Wall Time: 65.987312
