IO        : 21.123652
Compute   : 28.883974
Timer Wall Time: 50.605858
