IO        : 27.994030
Compute   : 34.804473
Timer Wall Time: 63.287224
