IO        : 23.159055
Compute   : 34.910467
Timer Wall Time: 58.777943
