IO        : 24.468148
Compute   : 34.423028
Timer Wall Time: 59.380440
