IO        : 27.038885
Compute   : 36.163865
Timer Wall Time: 64.599991
