IO        : 33.966717
Compute   : 39.797635
Timer Wall Time: 75.176521
