IO        : 21.511519
Compute   : 33.960925
Timer Wall Time: 56.025169
