IO        : 29.993655
Compute   : 34.842977
Timer Wall Time: 65.610764
