IO        : 34.404286
Compute   : 46.701356
Timer Wall Time: 82.212448
