IO        : 21.957202
Compute   : 25.452775
Timer Wall Time: 48.116196
