IO        : 26.569967
Compute   : 39.849288
Timer Wall Time: 67.433441
