IO        : 30.287628
Compute   : 38.331001
Timer Wall Time: 69.263039
