IO        : 23.786264
Compute   : 34.130367
Timer Wall Time: 58.721085
