IO        : 28.980457
Compute   : 35.748752
Timer Wall Time: 66.294014
