IO        : 25.654297
Compute   : 28.193008
Timer Wall Time: 54.652157
