IO        : 27.127427
Compute   : 38.287500
Timer Wall Time: 66.172264
