IO        : 25.679257
Compute   : 39.381489
Timer Wall Time: 66.475403
