IO        : 27.223065
Compute   : 36.980424
Timer Wall Time: 65.277039
