IO        : 22.320317
Compute   : 28.429781
Timer Wall Time: 51.415257
