IO        : 22.456763
Compute   : 31.847169
Timer Wall Time: 54.842484
