IO        : 24.095830
Compute   : 35.711802
Timer Wall Time: 60.904606
