IO        : 22.267425
Compute   : 30.631455
Timer Wall Time: 53.353374
