IO        : 24.514137
Compute   : 33.260647
Timer Wall Time: 58.940582
