IO        : 30.159938
Compute   : 34.192464
Timer Wall Time: 65.303391
