IO        : 30.142749
Compute   : 45.841060
Timer Wall Time: 77.416374
