IO        : 19.970242
Compute   : 32.109314
Timer Wall Time: 52.804314
