IO        : 25.613337
Compute   : 28.978149
Timer Wall Time: 55.787521
