IO        : 23.803473
Compute   : 42.352836
Timer Wall Time: 66.749313
