IO        : 33.715761
Compute   : 35.230684
Timer Wall Time: 70.334663
