IO        : 21.498031
Compute   : 31.847504
Timer Wall Time: 54.043755
