IO        : 25.304016
Compute   : 36.570720
Timer Wall Time: 62.936317
