IO        : 32.616672
Compute   : 47.744307
Timer Wall Time: 81.924667
