IO        : 26.576459
Compute   : 35.926159
Timer Wall Time: 63.069134
