IO        : 26.681863
Compute   : 30.683501
Timer Wall Time: 58.850334
