IO        : 34.132126
Compute   : 45.650098
Timer Wall Time: 81.046898
