IO        : 25.577651
Compute   : 32.827519
Timer Wall Time: 59.037357
