IO        : 26.896500
Compute   : 40.345464
Timer Wall Time: 67.835777
