IO        : 29.602321
Compute   : 42.371198
Timer Wall Time: 73.133194
