IO        : 20.108449
Compute   : 31.536542
Timer Wall Time: 52.663788
