IO        : 24.589706
Compute   : 30.935083
Timer Wall Time: 56.454597
