IO        : 32.647564
Compute   : 35.196131
Timer Wall Time: 69.259216
