IO        : 18.387084
Compute   : 32.519242
Timer Wall Time: 51.563473
