IO        : 21.348698
Compute   : 37.852545
Timer Wall Time: 60.311356
