IO        : 24.443691
Compute   : 31.840231
Timer Wall Time: 56.972691
