IO        : 27.769045
Compute   : 35.610787
Timer Wall Time: 64.181107
