IO        : 27.153312
Compute   : 33.536558
Timer Wall Time: 61.956482
