IO        : 28.161050
Compute   : 43.276548
Timer Wall Time: 72.761200
