IO        : 35.863183
Compute   : 45.517711
Timer Wall Time: 83.074684
