IO        : 24.470467
Compute   : 36.402802
Timer Wall Time: 61.850639
