IO        : 24.970319
Compute   : 30.469626
Timer Wall Time: 56.208839
