IO        : 25.821777
Compute   : 28.160601
Timer Wall Time: 54.679897
