IO        : 28.947878
Compute   : 38.756897
Timer Wall Time: 68.834625
