IO        : 20.273561
Compute   : 27.016459
Timer Wall Time: 47.833416
