IO        : 27.112316
Compute   : 29.769845
Timer Wall Time: 58.160507
