IO        : 31.951846
Compute   : 42.401630
Timer Wall Time: 75.128922
