IO        : 24.253970
Compute   : 32.764849
Timer Wall Time: 58.367676
