IO        : 27.636645
Compute   : 38.183530
Timer Wall Time: 66.448776
