IO        : 23.131229
Compute   : 2.846833
Timer Wall Time: 26.722174
