IO        : 36.243490
Compute   : 47.157452
Timer Wall Time: 85.229797
