IO        : 35.114449
Compute   : 48.023485
Timer Wall Time: 83.864326
