IO        : 23.986580
Compute   : 32.919298
Timer Wall Time: 57.699394
