IO        : 27.846255
Compute   : 34.326809
Timer Wall Time: 62.828987
