IO        : 31.944487
Compute   : 37.677461
Timer Wall Time: 70.419281
