IO        : 19.067249
Compute   : 25.136173
Timer Wall Time: 45.380501
