IO        : 19.543859
Compute   : 27.855089
Timer Wall Time: 48.120831
