IO        : 18.405880
Compute   : 30.045579
Timer Wall Time: 49.248825
