IO        : 31.652509
Compute   : 43.523265
Timer Wall Time: 76.645309
