IO        : 20.093651
Compute   : 28.837694
Timer Wall Time: 49.506184
