IO        : 13.091308
Compute   : 229.680695
Timer Wall Time: 243.030457
