IO        : 17.072891
Compute   : 332.496060
Timer Wall Time: 349.920685
