IO        : 13.091960
Compute   : 263.963757
Timer Wall Time: 277.353699
