IO        : 11.188205
Compute   : 217.792852
Timer Wall Time: 229.237518
