IO        : 11.649606
Compute   : 247.904061
Timer Wall Time: 259.802856
