IO        : 10.751298
Compute   : 216.044350
Timer Wall Time: 227.056213
