IO        : 12.432609
Compute   : 237.818132
Timer Wall Time: 250.493774
