IO        : 12.688687
Compute   : 262.161670
Timer Wall Time: 275.102142
