IO        : 11.626373
Compute   : 236.593776
Timer Wall Time: 248.459152
