IO        : 13.904968
Compute   : 286.907153
Timer Wall Time: 301.128845
