IO        : 10.545431
Compute   : 216.232310
Timer Wall Time: 227.119568
