IO        : 12.065707
Compute   : 230.454508
Timer Wall Time: 242.740387
