IO        : 11.552618
Compute   : 226.459089
Timer Wall Time: 238.335770
