IO        : 13.168258
Compute   : 262.487348
Timer Wall Time: 275.903259
