IO        : 11.366061
Compute   : 230.092610
Timer Wall Time: 241.699402
