IO        : 13.207717
Compute   : 266.785418
Timer Wall Time: 280.253662
