IO        : 13.935480
Compute   : 272.794511
Timer Wall Time: 287.024384
