IO        : 11.102318
Compute   : 224.687366
Timer Wall Time: 236.016525
