IO        : 12.932099
Compute   : 265.245579
Timer Wall Time: 278.497192
