IO        : 13.189779
Compute   : 269.359858
Timer Wall Time: 282.873291
