IO        : 13.982773
Compute   : 264.039781
Timer Wall Time: 278.292511
