IO        : 12.197166
Compute   : 241.195734
Timer Wall Time: 253.639969
