IO        : 10.669464
Compute   : 214.824299
Timer Wall Time: 225.713226
