IO        : 9.960554
Compute   : 203.062923
Timer Wall Time: 213.233368
