IO        : 10.229617
Compute   : 210.762082
Timer Wall Time: 221.244431
