IO        : 12.855700
Compute   : 257.472644
Timer Wall Time: 270.667206
