IO        : 13.261649
Compute   : 263.701276
Timer Wall Time: 277.213898
