IO        : 11.693015
Compute   : 227.975547
Timer Wall Time: 239.908142
