IO        : 10.787201
Compute   : 215.908869
Timer Wall Time: 226.955017
