IO        : 11.690212
Compute   : 229.940298
Timer Wall Time: 241.864258
