IO        : 10.703857
Compute   : 224.679537
Timer Wall Time: 235.635330
