IO        : 12.504063
Compute   : 257.786531
Timer Wall Time: 270.536713
