IO        : 13.407873
Compute   : 257.683578
Timer Wall Time: 271.426483
