IO        : 15.754476
Compute   : 316.744241
Timer Wall Time: 332.905151
