IO        : 10.173009
Compute   : 206.257624
Timer Wall Time: 216.636292
