IO        : 12.295909
Compute   : 221.731625
Timer Wall Time: 234.257370
