IO        : 12.703170
Compute   : 237.131425
Timer Wall Time: 250.099106
