IO        : 11.100958
Compute   : 214.392959
Timer Wall Time: 225.740295
