IO        : 11.502046
Compute   : 235.530598
Timer Wall Time: 247.262360
