IO        : 11.726983
Compute   : 239.830671
Timer Wall Time: 251.812271
