IO        : 12.157087
Compute   : 244.274055
Timer Wall Time: 256.678467
