IO        : 13.386356
Compute   : 265.751070
Timer Wall Time: 279.429047
