IO        : 13.752575
Compute   : 265.348356
Timer Wall Time: 279.371826
