IO        : 11.559928
Compute   : 225.491836
Timer Wall Time: 237.282776
