IO        : 10.361555
Compute   : 214.532741
Timer Wall Time: 225.192184
