IO        : 12.869718
Compute   : 266.193756
Timer Wall Time: 279.396057
