IO        : 16.317952
Compute   : 386.550279
Timer Wall Time: 403.453949
