IO        : 11.038516
Compute   : 230.187837
Timer Wall Time: 241.514130
