IO        : 12.468131
Compute   : 255.762288
Timer Wall Time: 268.484833
