IO        : 12.381221
Compute   : 237.311857
Timer Wall Time: 249.920670
