IO        : 12.027027
Compute   : 232.216056
Timer Wall Time: 244.477859
