IO        : 10.922067
Compute   : 217.688940
Timer Wall Time: 228.948898
