IO        : 18.470287
Compute   : 331.168619
Timer Wall Time: 349.931396
