IO        : 11.673787
Compute   : 227.056539
Timer Wall Time: 239.040146
