IO        : 12.347004
Compute   : 237.099543
Timer Wall Time: 249.683517
