IO        : 5.737791
Compute   : 10.876090
Timer Wall Time: 17.000839
