IO        : 5.078778
Compute   : 8.625603
Timer Wall Time: 14.373996
