IO        : 4.539318
Compute   : 8.472802
Timer Wall Time: 13.214813
