IO        : 5.723992
Compute   : 8.788197
Timer Wall Time: 14.917748
