IO        : 3.854341
Compute   : 1.287528
Timer Wall Time: 5.700120
