IO        : 8.440648
Compute   : 8.373535
Timer Wall Time: 17.326920
