IO        : 4.240906
Compute   : 10.571138
Timer Wall Time: 15.054566
