IO        : 7.655925
Compute   : 10.579271
Timer Wall Time: 18.660534
