IO        : 7.095188
Compute   : 10.298054
Timer Wall Time: 18.050392
