IO        : 5.526775
Compute   : 7.389341
Timer Wall Time: 13.297334
