IO        : 5.203234
Compute   : 9.859237
Timer Wall Time: 15.447751
