IO        : 8.092981
Compute   : 11.349101
Timer Wall Time: 19.982077
