IO        : 7.103450
Compute   : 11.508629
Timer Wall Time: 19.020910
