IO        : 8.239999
Compute   : 9.633060
Timer Wall Time: 18.432390
