IO        : 6.194154
Compute   : 9.976911
Timer Wall Time: 16.883896
