IO        : 3.479705
Compute   : 0.759496
Timer Wall Time: 4.507195
