IO        : 5.636599
Compute   : 0.966497
Timer Wall Time: 7.186017
