IO        : 7.539667
Compute   : 7.109545
Timer Wall Time: 14.936764
