IO        : 5.400896
Compute   : 9.492822
Timer Wall Time: 15.224010
