IO        : 7.142793
Compute   : 13.722870
Timer Wall Time: 21.079338
