IO        : 8.855797
Compute   : 8.532126
Timer Wall Time: 17.912821
