IO        : 7.182487
Compute   : 11.170060
Timer Wall Time: 19.132399
