IO        : 8.840282
Compute   : 1.294600
Timer Wall Time: 10.748693
