IO        : 6.515143
Compute   : 9.907051
Timer Wall Time: 17.110685
