IO        : 4.776697
Compute   : 7.599156
Timer Wall Time: 12.612279
