IO        : 6.610942
Compute   : 11.597664
Timer Wall Time: 18.855139
