IO        : 7.641985
Compute   : 11.911610
Timer Wall Time: 20.586861
