IO        : 6.378919
Compute   : 7.481928
Timer Wall Time: 14.307624
