IO        : 5.612291
Compute   : 8.008975
Timer Wall Time: 13.856696
