IO        : 4.181761
Compute   : 1.384709
Timer Wall Time: 6.004615
