IO        : 8.373491
Compute   : 9.427631
Timer Wall Time: 18.260586
