IO        : 5.514606
Compute   : 11.366727
Timer Wall Time: 17.271734
