IO        : 7.143907
Compute   : 12.039404
Timer Wall Time: 19.818876
