IO        : 5.381148
Compute   : 11.343113
Timer Wall Time: 17.400963
