IO        : 6.430714
Compute   : 9.296631
Timer Wall Time: 16.453999
