IO        : 5.169495
Compute   : 7.984630
Timer Wall Time: 13.511117
