IO        : 9.016960
Compute   : 8.058373
Timer Wall Time: 17.593550
