IO        : 9.204871
Compute   : 8.677535
Timer Wall Time: 18.285227
