IO        : 3.344524
Compute   : 1.307082
Timer Wall Time: 4.925218
