IO        : 5.484810
Compute   : 8.225482
Timer Wall Time: 14.076682
