IO        : 6.543309
Compute   : 7.686838
Timer Wall Time: 14.807155
