IO        : 6.816129
Compute   : 11.251459
Timer Wall Time: 18.510454
