IO        : 2.065982
Compute   : 0.696536
Timer Wall Time: 3.041069
