IO        : 6.887547
Compute   : 10.030964
Timer Wall Time: 17.685762
