IO        : 4.672836
Compute   : 0.687050
Timer Wall Time: 6.189371
