IO        : 6.686891
Compute   : 6.010975
Timer Wall Time: 13.238163
