IO        : 5.622894
Compute   : 8.175751
Timer Wall Time: 14.170077
