IO        : 6.120748
Compute   : 10.627025
Timer Wall Time: 17.427183
