IO        : 5.686542
Compute   : 11.521702
Timer Wall Time: 17.643782
