IO        : 6.594737
Compute   : 7.091573
Timer Wall Time: 13.971489
