IO        : 6.671161
Compute   : 8.202011
Timer Wall Time: 15.452229
