IO        : 7.130048
Compute   : 10.435335
Timer Wall Time: 17.972626
