IO        : 7.832779
Compute   : 10.352988
Timer Wall Time: 18.772406
