IO        : 8.975015
Compute   : 11.265921
Timer Wall Time: 20.570543
