IO        : 6.789908
Compute   : 10.058987
Timer Wall Time: 17.319651
