IO        : 6.528098
Compute   : 11.698456
Timer Wall Time: 18.583342
