IO        : 9.226498
Compute   : 7.222840
Timer Wall Time: 17.415773
