IO        : 5.868294
Compute   : 11.119751
Timer Wall Time: 17.314199
