IO        : 7.008869
Compute   : 1.082494
Timer Wall Time: 8.295506
