IO        : 23.197571
Compute   : 28.404677
Timer Wall Time: 52.972000
