IO        : 19.890482
Compute   : 23.324034
Timer Wall Time: 43.813656
