IO        : 24.571900
Compute   : 33.838002
Timer Wall Time: 59.038464
