IO        : 36.021903
Compute   : 41.745286
Timer Wall Time: 79.292366
