IO        : 26.060362
Compute   : 38.050403
Timer Wall Time: 64.956085
