IO        : 34.050189
Compute   : 45.629781
Timer Wall Time: 80.806564
