IO        : 24.218543
Compute   : 34.669250
Timer Wall Time: 59.672527
