IO        : 28.495029
Compute   : 42.164074
Timer Wall Time: 71.670998
