IO        : 23.001022
Compute   : 26.876021
Timer Wall Time: 50.460064
