IO        : 27.892074
Compute   : 41.543543
Timer Wall Time: 70.623672
