IO        : 26.924689
Compute   : 43.131064
Timer Wall Time: 70.718506
