IO        : 22.948068
Compute   : 32.627520
Timer Wall Time: 56.477543
