IO        : 18.866366
Compute   : 29.425826
Timer Wall Time: 48.845337
