IO        : 29.447440
Compute   : 38.460218
Timer Wall Time: 68.477043
