IO        : 31.055029
Compute   : 40.947481
Timer Wall Time: 73.139824
