IO        : 27.306827
Compute   : 32.674370
Timer Wall Time: 61.469513
