IO        : 26.755586
Compute   : 33.052239
Timer Wall Time: 60.663498
