IO        : 25.129527
Compute   : 29.078828
Timer Wall Time: 55.316738
