IO        : 20.606336
Compute   : 31.422243
Timer Wall Time: 52.932152
