IO        : 30.043172
Compute   : 49.029255
Timer Wall Time: 80.071381
