IO        : 27.339895
Compute   : 36.576234
Timer Wall Time: 65.170555
