IO        : 25.013063
Compute   : 33.392146
Timer Wall Time: 58.885265
