IO        : 27.172350
Compute   : 31.087776
Timer Wall Time: 58.956799
