IO        : 25.214118
Compute   : 37.673240
Timer Wall Time: 63.748051
