IO        : 22.886480
Compute   : 31.129494
Timer Wall Time: 54.544033
