IO        : 32.945220
Compute   : 34.803503
Timer Wall Time: 69.153015
