IO        : 31.896106
Compute   : 42.132733
Timer Wall Time: 74.931992
