IO        : 19.780616
Compute   : 29.402201
Timer Wall Time: 49.641071
