IO        : 30.649171
Compute   : 34.002625
Timer Wall Time: 65.584007
