IO        : 24.456061
Compute   : 35.182681
Timer Wall Time: 60.467964
