IO        : 35.357246
Compute   : 39.969994
Timer Wall Time: 76.637512
