IO        : 20.197030
Compute   : 31.421954
Timer Wall Time: 52.121670
