IO        : 21.667060
Compute   : 31.455069
Timer Wall Time: 53.616924
