IO        : 19.563814
Compute   : 27.101753
Timer Wall Time: 47.378773
