IO        : 21.841770
Compute   : 33.075234
Timer Wall Time: 56.110970
