IO        : 28.306079
Compute   : 38.143069
Timer Wall Time: 67.584557
