IO        : 24.293342
Compute   : 34.578864
Timer Wall Time: 59.483982
