IO        : 22.107316
Compute   : 36.381967
Timer Wall Time: 59.281380
