IO        : 21.534739
Compute   : 36.972167
Timer Wall Time: 59.695919
