IO        : 24.666301
Compute   : 36.344005
Timer Wall Time: 61.666023
