IO        : 34.570491
Compute   : 48.473823
Timer Wall Time: 84.333176
