IO        : 28.193746
Compute   : 42.363416
Timer Wall Time: 71.963158
