IO        : 30.440190
Compute   : 38.783008
Timer Wall Time: 70.742348
