IO        : 35.153678
Compute   : 44.886278
Timer Wall Time: 81.210815
