IO        : 27.405105
Compute   : 42.629585
Timer Wall Time: 71.232307
