IO        : 18.630764
Compute   : 28.160046
Timer Wall Time: 47.720333
