IO        : 24.470709
Compute   : 34.215045
Timer Wall Time: 59.425011
