IO        : 29.955858
Compute   : 34.288958
Timer Wall Time: 65.070335
