IO        : 32.990663
Compute   : 42.381619
Timer Wall Time: 76.842094
