IO        : 26.492259
Compute   : 34.939908
Timer Wall Time: 62.248116
