IO        : 33.254479
Compute   : 44.475041
Timer Wall Time: 78.571526
