IO        : 21.709753
Compute   : 31.405666
Timer Wall Time: 54.394047
