IO        : 23.505239
Compute   : 37.067884
Timer Wall Time: 61.650883
