IO        : 27.639965
Compute   : 28.656164
Timer Wall Time: 57.135963
