IO        : 29.395866
Compute   : 38.638435
Timer Wall Time: 68.607872
