IO        : 27.179102
Compute   : 34.212342
Timer Wall Time: 62.526051
