IO        : 32.715044
Compute   : 49.539812
Timer Wall Time: 83.347046
