IO        : 22.183468
Compute   : 36.078597
Timer Wall Time: 58.940536
