IO        : 23.900761
Compute   : 27.416062
Timer Wall Time: 52.060379
