IO        : 26.258167
Compute   : 42.021408
Timer Wall Time: 69.078156
