IO        : 21.068755
Compute   : 28.437983
Timer Wall Time: 50.319958
