IO        : 25.787412
Compute   : 2.854977
Timer Wall Time: 29.235832
