IO        : 23.170067
Compute   : 32.302183
Timer Wall Time: 56.164810
