IO        : 24.252220
Compute   : 35.549343
Timer Wall Time: 60.346249
