IO        : 20.981418
Compute   : 34.044566
Timer Wall Time: 55.669537
