IO        : 26.800348
Compute   : 28.552658
Timer Wall Time: 56.006763
