IO        : 21.125353
Compute   : 28.119071
Timer Wall Time: 49.995102
