IO        : 25.157885
Compute   : 33.117026
Timer Wall Time: 59.180599
