IO        : 20.804880
Compute   : 28.913401
Timer Wall Time: 50.306114
