IO        : 23.411203
Compute   : 35.262649
Timer Wall Time: 59.208488
