IO        : 21.352192
Compute   : 29.894938
Timer Wall Time: 52.452225
