IO        : 38.205317
Compute   : 46.169116
Timer Wall Time: 85.803391
