IO        : 18.391358
Compute   : 26.309189
Timer Wall Time: 45.217484
