IO        : 25.181238
Compute   : 39.040923
Timer Wall Time: 65.624298
