IO        : 20.138593
Compute   : 28.513053
Timer Wall Time: 49.273834
