IO        : 24.071631
Compute   : 35.274773
Timer Wall Time: 60.487900
