IO        : 26.856747
Compute   : 36.429664
Timer Wall Time: 64.023933
