IO        : 23.223790
Compute   : 34.736691
Timer Wall Time: 58.607376
