IO        : 21.409961
Compute   : 27.186259
Timer Wall Time: 49.399982
