IO        : 28.763233
Compute   : 42.185647
Timer Wall Time: 71.939560
