IO        : 27.528153
Compute   : 43.970664
Timer Wall Time: 72.198311
