IO        : 25.818952
Compute   : 32.524783
Timer Wall Time: 58.973362
