IO        : 23.882141
Compute   : 30.943479
Timer Wall Time: 55.589596
