IO        : 21.583519
Compute   : 25.130897
Timer Wall Time: 47.305027
