IO        : 30.218575
Compute   : 36.727389
Timer Wall Time: 67.872124
