IO        : 26.823862
Compute   : 34.650754
Timer Wall Time: 62.499432
