IO        : 25.509820
Compute   : 2.053289
Timer Wall Time: 28.932167
