IO        : 29.866451
Compute   : 34.158493
Timer Wall Time: 65.012901
