IO        : 34.845704
Compute   : 48.765221
Timer Wall Time: 84.587425
