IO        : 27.460715
Compute   : 40.177784
Timer Wall Time: 68.525917
