IO        : 25.812628
Compute   : 27.990293
Timer Wall Time: 54.486126
