IO        : 23.947557
Compute   : 36.262867
Timer Wall Time: 60.897186
