IO        : 23.100665
Compute   : 32.313858
Timer Wall Time: 56.014828
