IO        : 20.830986
Compute   : 27.645347
Timer Wall Time: 49.083317
