IO        : 23.260321
Compute   : 35.265871
Timer Wall Time: 59.684013
