IO        : 21.147047
Compute   : 35.194337
Timer Wall Time: 57.749081
