IO        : 23.828577
Compute   : 29.101104
Timer Wall Time: 53.402081
