IO        : 23.826724
Compute   : 35.466547
Timer Wall Time: 59.778404
