IO        : 23.059986
Compute   : 34.318826
Timer Wall Time: 58.655209
