IO        : 24.831683
Compute   : 35.034612
Timer Wall Time: 60.527039
