IO        : 18.567090
Compute   : 27.510857
Timer Wall Time: 46.914154
