IO        : 30.376360
Compute   : 47.288950
Timer Wall Time: 79.088142
