IO        : 28.508708
Compute   : 34.871347
Timer Wall Time: 64.543411
