IO        : 20.578250
Compute   : 27.613095
Timer Wall Time: 48.770412
