IO        : 23.463979
Compute   : 31.299964
Timer Wall Time: 55.435551
