IO        : 20.337503
Compute   : 38.317097
Timer Wall Time: 59.328445
