IO        : 28.092583
Compute   : 38.167305
Timer Wall Time: 66.991982
