IO        : 26.195300
Compute   : 36.119492
Timer Wall Time: 63.020367
