IO        : 30.477896
Compute   : 40.984971
Timer Wall Time: 72.652290
