Initial Residual = 1654.81
Iteration = 15   Residual = 19.7523
Iteration = 30   Residual = 0.107645
Iteration = 45   Residual = 0.000229062
