IO        : 11.306049
Compute   : 224.257712
Timer Wall Time: 235.804214
