IO        : 13.938789
Compute   : 262.653664
Timer Wall Time: 276.839325
