IO        : 9.634885
Compute   : 193.982258
Timer Wall Time: 203.878845
