IO        : 16.800656
Compute   : 313.078490
Timer Wall Time: 330.143188
