IO        : 20.523398
Compute   : 463.692463
Timer Wall Time: 484.733154
