IO        : 12.159098
Compute   : 233.721971
Timer Wall Time: 246.116470
