IO        : 11.363944
Compute   : 232.187430
Timer Wall Time: 243.805145
