IO        : 12.344294
Compute   : 259.245529
Timer Wall Time: 271.844940
