IO        : 13.728673
Compute   : 290.776103
Timer Wall Time: 304.758789
