IO        : 11.224037
Compute   : 226.942668
Timer Wall Time: 238.390808
