IO        : 12.759139
Compute   : 241.322822
Timer Wall Time: 254.327225
