IO        : 9.895918
Compute   : 199.133183
Timer Wall Time: 209.302444
