IO        : 10.767387
Compute   : 211.697945
Timer Wall Time: 222.699249
