IO        : 11.662295
Compute   : 230.081926
Timer Wall Time: 241.996368
