IO        : 10.318030
Compute   : 219.866710
Timer Wall Time: 230.446320
