IO        : 12.012410
Compute   : 229.026288
Timer Wall Time: 241.277100
