IO        : 11.017139
Compute   : 229.902533
Timer Wall Time: 241.161911
