IO        : 9.516688
Compute   : 192.484134
Timer Wall Time: 202.226303
