IO        : 11.835854
Compute   : 223.370850
Timer Wall Time: 235.431931
