IO        : 11.197287
Compute   : 231.649456
Timer Wall Time: 243.081757
