IO        : 11.732078
Compute   : 222.675443
Timer Wall Time: 234.650818
