IO        : 11.929768
Compute   : 234.013779
Timer Wall Time: 246.170456
