IO        : 13.505132
Compute   : 270.066290
Timer Wall Time: 283.961060
