IO        : 10.992637
Compute   : 215.227982
Timer Wall Time: 226.447296
