IO        : 12.608399
Compute   : 234.871090
Timer Wall Time: 247.759216
