IO        : 11.024486
Compute   : 214.113668
Timer Wall Time: 225.469421
