IO        : 10.204891
Compute   : 203.176064
Timer Wall Time: 213.638245
