IO        : 11.216218
Compute   : 214.668271
Timer Wall Time: 226.114624
