IO        : 12.775356
Compute   : 254.819219
Timer Wall Time: 267.860199
