IO        : 11.516504
Compute   : 233.212963
Timer Wall Time: 244.981049
