IO        : 9.700381
Compute   : 193.985414
Timer Wall Time: 203.959930
