IO        : 10.629144
Compute   : 215.803959
Timer Wall Time: 226.664459
