IO        : 13.383759
Compute   : 263.325476
Timer Wall Time: 276.959198
