IO        : 11.561095
Compute   : 230.479912
Timer Wall Time: 242.275314
