IO        : 11.700907
Compute   : 225.245047
Timer Wall Time: 237.240692
