IO        : 11.895484
Compute   : 235.156342
Timer Wall Time: 247.299591
