IO        : 10.993055
Compute   : 225.772972
Timer Wall Time: 236.989243
