IO        : 13.089377
Compute   : 268.992101
Timer Wall Time: 282.354401
