IO        : 16.973017
Compute   : 327.378131
Timer Wall Time: 344.640991
