IO        : 11.941012
Compute   : 228.448127
Timer Wall Time: 240.701309
