IO        : 11.970461
Compute   : 235.991108
Timer Wall Time: 248.203949
