IO        : 13.486828
Compute   : 265.212149
Timer Wall Time: 278.946106
