IO        : 10.142881
Compute   : 206.589219
Timer Wall Time: 216.951706
