IO        : 12.089489
Compute   : 235.340225
Timer Wall Time: 247.717789
