IO        : 13.923388
Compute   : 268.574662
Timer Wall Time: 282.840149
