IO        : 16.964258
Compute   : 332.678530
Timer Wall Time: 350.015778
