IO        : 9.676539
Compute   : 190.689756
Timer Wall Time: 200.609802
