IO        : 13.256812
Compute   : 262.050596
Timer Wall Time: 275.578094
