IO        : 11.152265
Compute   : 213.715403
Timer Wall Time: 225.160217
