IO        : 12.270652
Compute   : 232.630572
Timer Wall Time: 245.139648
