IO        : 17.347341
Compute   : 348.065712
Timer Wall Time: 365.875214
