IO        : 12.082685
Compute   : 233.819982
Timer Wall Time: 246.149597
