IO        : 12.736349
Compute   : 259.201270
Timer Wall Time: 272.201172
