IO        : 12.258145
Compute   : 239.647325
Timer Wall Time: 252.196045
