IO        : 11.484965
Compute   : 227.950770
Timer Wall Time: 239.685455
