IO        : 11.136620
Compute   : 218.796909
Timer Wall Time: 230.159225
