IO        : 12.406159
Compute   : 243.340843
Timer Wall Time: 256.013245
