IO        : 12.431698
Compute   : 245.796908
Timer Wall Time: 258.532867
