IO        : 9.507982
Compute   : 189.354289
Timer Wall Time: 199.102676
