IO        : 11.288280
Compute   : 231.699250
Timer Wall Time: 243.225250
