IO        : 11.335886
Compute   : 218.607560
Timer Wall Time: 230.229919
