IO        : 12.930729
Compute   : 266.678373
Timer Wall Time: 279.893066
