IO        : 13.740834
Compute   : 264.252762
Timer Wall Time: 278.264374
