IO        : 11.929843
Compute   : 241.921330
Timer Wall Time: 254.085068
