IO        : 13.846361
Compute   : 265.291153
Timer Wall Time: 279.392059
