IO        : 13.718073
Compute   : 269.173350
Timer Wall Time: 283.192627
