IO        : 6.386737
Compute   : 135.119221
Timer Wall Time: 141.737686
