IO        : 8.816069
Compute   : 144.651165
Timer Wall Time: 154.114502
