IO        : 8.979237
Compute   : 135.619586
Timer Wall Time: 144.872040
