IO        : 7.792420
Compute   : 178.098325
Timer Wall Time: 186.568192
