IO        : 7.587494
Compute   : 141.267601
Timer Wall Time: 149.059723
