IO        : 10.670591
Compute   : 155.334212
Timer Wall Time: 166.492920
