IO        : 8.534326
Compute   : 159.817393
Timer Wall Time: 168.724823
