IO        : 6.636303
Compute   : 126.035396
Timer Wall Time: 133.080917
