IO        : 5.055810
Compute   : 118.445860
Timer Wall Time: 123.771530
