IO        : 8.392866
Compute   : 143.769707
Timer Wall Time: 152.500778
