IO        : 6.820653
Compute   : 140.761292
Timer Wall Time: 147.734268
