IO        : 5.434850
Compute   : 118.200344
Timer Wall Time: 123.861435
