IO        : 9.837904
Compute   : 164.133231
Timer Wall Time: 174.851639
