IO        : 6.235070
Compute   : 136.547147
Timer Wall Time: 143.232590
