IO        : 6.196012
Compute   : 136.726951
Timer Wall Time: 143.112076
