IO        : 8.374274
Compute   : 142.295580
Timer Wall Time: 150.978516
