IO        : 9.653043
Compute   : 190.488742
Timer Wall Time: 200.612320
