IO        : 6.835595
Compute   : 128.592407
Timer Wall Time: 136.296799
