IO        : 6.362594
Compute   : 136.407979
Timer Wall Time: 143.103683
