IO        : 7.667090
Compute   : 156.279600
Timer Wall Time: 164.270050
