IO        : 7.418340
Compute   : 126.728358
Timer Wall Time: 134.468674
