IO        : 7.575279
Compute   : 144.705233
Timer Wall Time: 152.776855
