IO        : 6.680494
Compute   : 126.945616
Timer Wall Time: 133.886215
