IO        : 7.081166
Compute   : 149.142630
Timer Wall Time: 156.596848
