IO        : 5.969539
Compute   : 133.319508
Timer Wall Time: 139.601654
