IO        : 12.967291
Compute   : 214.154314
Timer Wall Time: 227.507751
