IO        : 11.762286
Compute   : 172.528510
Timer Wall Time: 184.970322
