IO        : 7.245973
Compute   : 127.961510
Timer Wall Time: 135.529739
