IO        : 6.824216
Compute   : 124.984364
Timer Wall Time: 132.267685
