IO        : 8.285159
Compute   : 184.331318
Timer Wall Time: 192.995132
