IO        : 7.014799
Compute   : 141.211028
Timer Wall Time: 148.487701
