IO        : 7.146573
Compute   : 123.931886
Timer Wall Time: 131.508728
