IO        : 5.683926
Compute   : 127.229707
Timer Wall Time: 133.151306
