IO        : 6.624664
Compute   : 137.076367
Timer Wall Time: 143.950089
