IO        : 6.252101
Compute   : 115.851630
Timer Wall Time: 122.532440
