IO        : 5.655789
Compute   : 113.607976
Timer Wall Time: 119.858482
