IO        : 7.164897
Compute   : 144.855069
Timer Wall Time: 152.296646
