IO        : 6.308605
Compute   : 120.959910
Timer Wall Time: 127.532982
