IO        : 7.151591
Compute   : 124.177028
Timer Wall Time: 131.545776
