IO        : 8.591895
Compute   : 210.532135
Timer Wall Time: 220.035522
