IO        : 6.900486
Compute   : 126.824428
Timer Wall Time: 134.096466
