IO        : 6.588045
Compute   : 152.435269
Timer Wall Time: 159.233429
