IO        : 7.704518
Compute   : 132.416526
Timer Wall Time: 140.481674
