IO        : 8.207890
Compute   : 132.607243
Timer Wall Time: 141.146744
