IO        : 8.655210
Compute   : 147.121556
Timer Wall Time: 156.087296
