IO        : 8.409748
Compute   : 119.657607
Timer Wall Time: 128.339264
