IO        : 5.979952
Compute   : 130.977360
Timer Wall Time: 137.231323
