IO        : 5.884703
Compute   : 117.311986
Timer Wall Time: 123.434052
