IO        : 5.483213
Compute   : 114.330266
Timer Wall Time: 120.086578
