IO        : 5.472151
Compute   : 121.320920
Timer Wall Time: 127.167931
