IO        : 6.426333
Compute   : 131.158798
Timer Wall Time: 138.109299
