IO        : 5.366340
Compute   : 124.666872
Timer Wall Time: 130.333572
