IO        : 6.176955
Compute   : 129.875018
Timer Wall Time: 136.365997
