IO        : 6.722367
Compute   : 172.142060
Timer Wall Time: 179.520294
