IO        : 5.236674
Compute   : 126.252013
Timer Wall Time: 131.689087
