IO        : 5.939080
Compute   : 139.987977
Timer Wall Time: 146.253326
