IO        : 6.774520
Compute   : 116.900142
Timer Wall Time: 123.972404
