IO        : 8.579885
Compute   : 171.700851
Timer Wall Time: 180.527557
