IO        : 6.149936
Compute   : 146.506353
Timer Wall Time: 153.048264
