IO        : 11.143969
Compute   : 183.679834
Timer Wall Time: 195.538971
