IO        : 6.587307
Compute   : 153.930928
Timer Wall Time: 161.372086
