IO        : 7.104448
Compute   : 138.925162
Timer Wall Time: 146.518417
