IO        : 4.618015
Compute   : 128.068069
Timer Wall Time: 133.136642
