IO        : 7.051468
Compute   : 136.643388
Timer Wall Time: 143.972031
