IO        : 8.313191
Compute   : 126.893592
Timer Wall Time: 135.451370
