IO        : 4.725185
Compute   : 121.717840
Timer Wall Time: 126.746155
