IO        : 4.596419
Compute   : 119.520800
Timer Wall Time: 124.388412
