IO        : 5.653602
Compute   : 125.142726
Timer Wall Time: 131.287811
