IO        : 10.345433
Compute   : 194.612654
Timer Wall Time: 205.157745
