IO        : 6.928064
Compute   : 114.452250
Timer Wall Time: 121.623650
