IO        : 8.347388
Compute   : 159.981661
Timer Wall Time: 168.766876
