IO        : 6.547582
Compute   : 143.410569
Timer Wall Time: 150.399414
