IO        : 7.108492
Compute   : 145.521655
Timer Wall Time: 153.296463
