IO        : 7.911376
Compute   : 132.729443
Timer Wall Time: 140.919373
