IO        : 9.496156
Compute   : 191.480961
Timer Wall Time: 201.509201
