IO        : 8.840142
Compute   : 130.503672
Timer Wall Time: 139.788589
