IO        : 7.161431
Compute   : 130.548832
Timer Wall Time: 137.996841
