IO        : 7.820126
Compute   : 140.291073
Timer Wall Time: 148.319366
