IO        : 6.569887
Compute   : 142.528945
Timer Wall Time: 149.404297
