IO        : 5.793538
Compute   : 115.753922
Timer Wall Time: 121.792252
