IO        : 6.013074
Compute   : 120.490819
Timer Wall Time: 126.917168
