IO        : 6.824195
Compute   : 140.310646
Timer Wall Time: 147.444504
