IO        : 11.938660
Compute   : 217.190596
Timer Wall Time: 229.754883
