IO        : 6.133685
Compute   : 106.226368
Timer Wall Time: 112.572121
