IO        : 6.261718
Compute   : 130.261233
Timer Wall Time: 136.753799
