IO        : 9.972523
Compute   : 164.745153
Timer Wall Time: 175.100204
