IO        : 11.239517
Compute   : 208.721433
Timer Wall Time: 220.449539
