IO        : 5.436694
Compute   : 115.082366
Timer Wall Time: 120.836388
