IO        : 5.267850
Compute   : 105.975223
Timer Wall Time: 111.535408
