IO        : 7.161974
Compute   : 139.293715
Timer Wall Time: 146.709625
