IO        : 5.388149
Compute   : 109.885110
Timer Wall Time: 115.563988
