IO        : 5.983621
Compute   : 141.258152
Timer Wall Time: 147.617630
