IO        : 6.224876
Compute   : 128.250041
Timer Wall Time: 134.842514
