IO        : 6.742834
Compute   : 124.291266
Timer Wall Time: 131.281631
