IO        : 8.025695
Compute   : 219.083119
Timer Wall Time: 227.676300
