IO        : 5.795276
Compute   : 122.555923
Timer Wall Time: 129.062454
