IO        : 5.581694
Compute   : 120.970499
Timer Wall Time: 126.912888
