IO        : 6.392184
Compute   : 125.933101
Timer Wall Time: 132.581421
