IO        : 6.268421
Compute   : 130.952408
Timer Wall Time: 137.544754
