IO        : 7.057671
Compute   : 172.168683
Timer Wall Time: 180.025116
