IO        : 6.803047
Compute   : 147.692588
Timer Wall Time: 154.952301
