IO        : 6.433150
Compute   : 129.487478
Timer Wall Time: 136.187622
