IO        : 7.931828
Compute   : 178.023907
Timer Wall Time: 186.423187
