IO        : 7.910012
Compute   : 133.224154
Timer Wall Time: 141.420425
