IO        : 8.248865
Compute   : 151.146722
Timer Wall Time: 159.684143
