IO        : 6.376438
Compute   : 131.107182
Timer Wall Time: 137.840515
