IO        : 26.857311
Compute   : 38.304410
Timer Wall Time: 65.776352
