IO        : 23.654356
Compute   : 28.525826
Timer Wall Time: 53.179562
