IO        : 18.448116
Compute   : 27.186846
Timer Wall Time: 46.172295
