IO        : 34.045904
Compute   : 46.565872
Timer Wall Time: 81.793373
