IO        : 20.385080
Compute   : 29.681994
Timer Wall Time: 50.950642
