IO        : 24.272002
Compute   : 34.663216
Timer Wall Time: 59.666477
