IO        : 26.136077
Compute   : 37.022293
Timer Wall Time: 63.849422
