IO        : 24.448123
Compute   : 40.441057
Timer Wall Time: 65.754913
