IO        : 23.449398
Compute   : 37.232174
Timer Wall Time: 61.365368
