IO        : 21.242776
Compute   : 34.290728
Timer Wall Time: 56.148144
