IO        : 31.718497
Compute   : 48.330862
Timer Wall Time: 81.194870
