IO        : 32.252345
Compute   : 32.269738
Timer Wall Time: 66.158058
