IO        : 24.852316
Compute   : 35.283328
Timer Wall Time: 60.800587
