IO        : 33.005205
Compute   : 41.399143
Timer Wall Time: 75.602470
