IO        : 28.826780
Compute   : 34.053656
Timer Wall Time: 63.524353
