IO        : 22.110922
Compute   : 34.551603
Timer Wall Time: 57.230721
