IO        : 32.144502
Compute   : 44.791220
Timer Wall Time: 77.789742
