IO        : 19.053974
Compute   : 28.456287
Timer Wall Time: 48.924980
