IO        : 23.135748
Compute   : 36.829784
Timer Wall Time: 61.215179
