IO        : 33.215103
Compute   : 38.238478
Timer Wall Time: 72.397118
