IO        : 21.012048
Compute   : 27.262986
Timer Wall Time: 48.908485
