IO        : 23.885829
Compute   : 33.149891
Timer Wall Time: 57.721405
