IO        : 34.448588
Compute   : 48.062899
Timer Wall Time: 83.613663
