IO        : 27.575389
Compute   : 32.195232
Timer Wall Time: 60.677322
