IO        : 24.924233
Compute   : 30.368741
Timer Wall Time: 56.320904
