IO        : 22.536748
Compute   : 30.169421
Timer Wall Time: 53.293446
