IO        : 19.506104
Compute   : 27.407084
Timer Wall Time: 47.487438
