IO        : 20.444140
Compute   : 28.108460
Timer Wall Time: 49.359474
