IO        : 19.909138
Compute   : 35.468174
Timer Wall Time: 56.188038
