IO        : 18.948895
Compute   : 29.331922
Timer Wall Time: 48.946934
