IO        : 26.631936
Compute   : 37.243020
Timer Wall Time: 64.478409
