IO        : 32.672384
Compute   : 43.801136
Timer Wall Time: 78.024208
