IO        : 31.532556
Compute   : 37.882582
Timer Wall Time: 70.843079
