IO        : 33.454041
Compute   : 41.975744
Timer Wall Time: 76.613098
