IO        : 27.010390
Compute   : 43.125711
Timer Wall Time: 71.284073
