IO        : 22.740695
Compute   : 30.908114
Timer Wall Time: 54.784985
