IO        : 26.592825
Compute   : 36.412074
Timer Wall Time: 63.678921
