IO        : 16.207762
Compute   : 1.231484
Timer Wall Time: 18.165457
