IO        : 24.123164
Compute   : 28.263297
Timer Wall Time: 53.085423
