IO        : 28.540078
Compute   : 45.564244
Timer Wall Time: 75.330627
