IO        : 24.818432
Compute   : 31.813413
Timer Wall Time: 57.223301
