IO        : 23.177139
Compute   : 28.730905
Timer Wall Time: 52.760044
