IO        : 23.021125
Compute   : 28.755717
Timer Wall Time: 53.001469
