IO        : 21.692275
Compute   : 34.265287
Timer Wall Time: 56.401138
