IO        : 32.046874
Compute   : 35.653777
Timer Wall Time: 68.675331
