IO        : 25.094497
Compute   : 36.067625
Timer Wall Time: 62.489143
