IO        : 22.599147
Compute   : 29.153582
Timer Wall Time: 52.620201
