IO        : 28.008556
Compute   : 38.760996
Timer Wall Time: 68.137115
