IO        : 28.365568
Compute   : 43.601318
Timer Wall Time: 73.499245
