IO        : 25.680375
Compute   : 29.020979
Timer Wall Time: 55.507713
