IO        : 28.299740
Compute   : 38.844640
Timer Wall Time: 67.961021
