IO        : 38.617155
Compute   : 45.915614
Timer Wall Time: 85.084778
