IO        : 24.246231
Compute   : 31.403266
Timer Wall Time: 56.428711
