IO        : 30.476143
Compute   : 48.516134
Timer Wall Time: 79.705376
