IO        : 19.233930
Compute   : 30.748044
Timer Wall Time: 50.599575
