IO        : 23.423654
Compute   : 30.352989
Timer Wall Time: 54.408836
