IO        : 31.492822
Compute   : 33.961493
Timer Wall Time: 66.537567
