IO        : 34.109008
Compute   : 43.305708
Timer Wall Time: 78.970917
