IO        : 28.183254
Compute   : 31.526134
Timer Wall Time: 61.350315
