IO        : 25.612200
Compute   : 36.712868
Timer Wall Time: 63.320927
