IO        : 22.626402
Compute   : 39.041868
Timer Wall Time: 62.548267
