IO        : 24.651850
Compute   : 34.241721
Timer Wall Time: 59.887764
