IO        : 26.149695
Compute   : 35.005557
Timer Wall Time: 62.753281
