IO        : 31.623716
Compute   : 41.957691
Timer Wall Time: 74.743835
