IO        : 23.085016
Compute   : 28.306854
Timer Wall Time: 52.014439
