IO        : 29.829390
Compute   : 37.131581
Timer Wall Time: 68.221268
