IO        : 23.118942
Compute   : 33.730811
Timer Wall Time: 57.432148
