IO        : 31.301918
Compute   : 37.294670
Timer Wall Time: 69.591011
