IO        : 25.259004
Compute   : 32.428888
Timer Wall Time: 59.117725
