IO        : 26.787808
Compute   : 33.255094
Timer Wall Time: 60.782780
