IO        : 22.879361
Compute   : 32.489533
Timer Wall Time: 55.893700
