IO        : 27.957016
Compute   : 34.282183
Timer Wall Time: 62.938263
