IO        : 24.421651
Compute   : 42.843733
Timer Wall Time: 68.004593
