IO        : 28.326396
Compute   : 32.041084
Timer Wall Time: 61.626389
