IO        : 25.295138
Compute   : 39.127246
Timer Wall Time: 65.065384
