IO        : 22.333552
Compute   : 31.475542
Timer Wall Time: 54.390095
