IO        : 23.616039
Compute   : 31.220029
Timer Wall Time: 55.484093
