IO        : 19.293927
Compute   : 26.550826
Timer Wall Time: 46.592796
