IO        : 22.835641
Compute   : 36.569556
Timer Wall Time: 60.143124
