IO        : 25.459965
Compute   : 29.423954
Timer Wall Time: 55.755714
