IO        : 24.162334
Compute   : 31.810188
Timer Wall Time: 56.800789
