IO        : 29.566332
Compute   : 34.763998
Timer Wall Time: 65.243439
