IO        : 19.117084
Compute   : 28.379786
Timer Wall Time: 48.355225
