IO        : 26.190681
Compute   : 32.755797
Timer Wall Time: 59.683762
