IO        : 21.588320
Compute   : 34.885598
Timer Wall Time: 57.214497
