IO        : 25.360039
Compute   : 32.997750
Timer Wall Time: 59.266834
