IO        : 31.003916
Compute   : 38.683863
Timer Wall Time: 70.355568
