IO        : 26.417544
Compute   : 31.382281
Timer Wall Time: 59.216724
