IO        : 27.123335
Compute   : 44.996932
Timer Wall Time: 73.617340
