IO        : 22.469612
Compute   : 33.631520
Timer Wall Time: 56.746532
