IO        : 24.076062
Compute   : 34.857840
Timer Wall Time: 59.464703
