IO        : 21.031480
Compute   : 29.425006
Timer Wall Time: 51.429890
