IO        : 22.174991
Compute   : 26.637023
Timer Wall Time: 49.756927
