IO        : 27.260791
Compute   : 35.102585
Timer Wall Time: 63.293545
