IO        : 31.900536
Compute   : 44.410246
Timer Wall Time: 77.707047
