IO        : 31.700359
Compute   : 41.323823
Timer Wall Time: 74.608017
