IO        : 31.510732
Compute   : 37.907168
Timer Wall Time: 70.544754
