IO        : 29.959699
Compute   : 46.606751
Timer Wall Time: 77.317566
