IO        : 26.813473
Compute   : 37.467111
Timer Wall Time: 65.248344
