IO        : 9.437386
Compute   : 16.604667
Timer Wall Time: 26.848755
