IO        : 15.873772
Compute   : 16.239275
Timer Wall Time: 32.741978
