IO        : 11.633430
Compute   : 19.390543
Timer Wall Time: 31.918919
