IO        : 17.250592
Compute   : 20.462929
Timer Wall Time: 38.683941
