IO        : 13.063941
Compute   : 18.872624
Timer Wall Time: 33.098167
