IO        : 13.194831
Compute   : 21.251637
Timer Wall Time: 34.959000
