IO        : 14.693846
Compute   : 18.880138
Timer Wall Time: 34.384857
