IO        : 12.010731
Compute   : 18.716462
Timer Wall Time: 31.214870
