IO        : 18.248659
Compute   : 23.088517
Timer Wall Time: 42.396778
