IO        : 17.694545
Compute   : 19.902806
Timer Wall Time: 38.552059
