IO        : 13.784038
Compute   : 16.180718
Timer Wall Time: 30.804205
