IO        : 15.137916
Compute   : 21.672537
Timer Wall Time: 38.322712
