IO        : 14.394999
Compute   : 20.151960
Timer Wall Time: 35.873329
