IO        : 13.462828
Compute   : 20.895071
Timer Wall Time: 35.330269
