IO        : 13.727631
Compute   : 15.002507
Timer Wall Time: 29.300373
