IO        : 15.020562
Compute   : 6.475874
Timer Wall Time: 22.684149
