IO        : 14.708446
Compute   : 18.638670
Timer Wall Time: 34.425144
