IO        : 12.904802
Compute   : 15.408361
Timer Wall Time: 29.105011
