IO        : 14.655487
Compute   : 16.094997
Timer Wall Time: 31.562752
