IO        : 14.380007
Compute   : 19.732555
Timer Wall Time: 35.008373
