IO        : 13.635672
Compute   : 20.284000
Timer Wall Time: 35.076511
