IO        : 8.612336
Compute   : 16.421027
Timer Wall Time: 25.555473
