IO        : 11.377991
Compute   : 16.283860
Timer Wall Time: 28.156378
