IO        : 12.732371
Compute   : 14.964851
Timer Wall Time: 28.715780
