IO        : 15.190539
Compute   : 15.519468
Timer Wall Time: 31.274288
