IO        : 15.573799
Compute   : 22.453256
Timer Wall Time: 39.153679
