IO        : 9.268240
Compute   : 16.295983
Timer Wall Time: 26.681404
