IO        : 13.168582
Compute   : 17.953641
Timer Wall Time: 31.832647
