IO        : 16.794436
Compute   : 18.224623
Timer Wall Time: 35.578098
