IO        : 10.635045
Compute   : 17.382843
Timer Wall Time: 28.600834
