IO        : 11.927302
Compute   : 17.981735
Timer Wall Time: 30.602980
