IO        : 16.209209
Compute   : 21.853988
Timer Wall Time: 38.801479
