IO        : 13.894959
Compute   : 20.008339
Timer Wall Time: 34.877853
