IO        : 16.345556
Compute   : 21.237609
Timer Wall Time: 38.888088
