IO        : 17.037144
Compute   : 20.196513
Timer Wall Time: 37.845078
