IO        : 14.900563
Compute   : 19.143152
Timer Wall Time: 34.981422
