IO        : 10.643148
Compute   : 19.649029
Timer Wall Time: 31.362675
