IO        : 15.690668
Compute   : 16.238590
Timer Wall Time: 32.712246
