IO        : 15.723975
Compute   : 22.191062
Timer Wall Time: 39.247326
