IO        : 18.216321
Compute   : 2.780339
Timer Wall Time: 21.905640
