IO        : 15.641403
Compute   : 19.064923
Timer Wall Time: 35.596642
