IO        : 11.913241
Compute   : 17.277730
Timer Wall Time: 30.075563
