IO        : 10.334416
Compute   : 15.576247
Timer Wall Time: 26.283365
