IO        : 13.619206
Compute   : 22.971276
Timer Wall Time: 37.521343
