IO        : 18.448929
Compute   : 18.270162
Timer Wall Time: 37.220058
