IO        : 14.714901
Compute   : 21.356646
Timer Wall Time: 37.500423
