IO        : 14.032459
Compute   : 17.122084
Timer Wall Time: 32.515060
