IO        : 12.385732
Compute   : 16.427580
Timer Wall Time: 29.526102
