IO        : 12.864529
Compute   : 19.451239
Timer Wall Time: 33.159718
