IO        : 15.451227
Compute   : 18.183632
Timer Wall Time: 34.791855
