IO        : 14.319395
Compute   : 18.373867
Timer Wall Time: 33.695293
