IO        : 12.913261
Compute   : 18.712532
Timer Wall Time: 32.163296
