IO        : 12.796299
Compute   : 15.352279
Timer Wall Time: 28.927929
