IO        : 6.813916
Compute   : 156.804060
Timer Wall Time: 163.832123
