IO        : 15.892273
Compute   : 400.180646
Timer Wall Time: 416.516052
