IO        : 17.067697
Compute   : 420.775907
Timer Wall Time: 438.684174
