IO        : 16.642170
Compute   : 393.093300
Timer Wall Time: 410.284851
