IO        : 17.594309
Compute   : 398.424779
Timer Wall Time: 417.153198
