IO        : 17.507534
Compute   : 422.729639
Timer Wall Time: 440.890961
