IO        : 14.758202
Compute   : 426.093189
Timer Wall Time: 441.583527
