IO        : 5.966290
Compute   : 147.711581
Timer Wall Time: 153.924057
