IO        : 7.814996
Compute   : 184.551678
Timer Wall Time: 192.610107
