IO        : 17.713183
Compute   : 382.935440
Timer Wall Time: 401.103577
