IO        : 23.467830
Compute   : 430.133909
Timer Wall Time: 454.335907
