IO        : 6.059215
Compute   : 147.228775
Timer Wall Time: 153.580658
