IO        : 5.735688
Compute   : 146.612234
Timer Wall Time: 152.552979
