IO        : 20.226004
Compute   : 439.002017
Timer Wall Time: 459.865479
