IO        : 7.332064
Compute   : 185.773771
Timer Wall Time: 193.404984
