IO        : 17.505493
Compute   : 441.436384
Timer Wall Time: 459.636017
