IO        : 18.868591
Compute   : 420.326499
Timer Wall Time: 439.997314
