IO        : 16.028327
Compute   : 430.562902
Timer Wall Time: 447.416046
