IO        : 5.839994
Compute   : 144.137315
Timer Wall Time: 150.195496
