IO        : 5.929117
Compute   : 145.095636
Timer Wall Time: 151.230301
