IO        : 6.345436
Compute   : 150.936868
Timer Wall Time: 157.588928
