IO        : 6.093397
Compute   : 147.506831
Timer Wall Time: 153.947144
