IO        : 18.161546
Compute   : 403.844694
Timer Wall Time: 422.497314
