IO        : 16.436066
Compute   : 418.382247
Timer Wall Time: 435.144440
