IO        : 19.231008
Compute   : 432.260396
Timer Wall Time: 451.991028
