IO        : 18.055077
Compute   : 475.381799
Timer Wall Time: 494.012329
