IO        : 17.001051
Compute   : 464.421614
Timer Wall Time: 482.028687
