IO        : 15.395375
Compute   : 429.965860
Timer Wall Time: 445.848175
