IO        : 16.541258
Compute   : 420.930537
Timer Wall Time: 438.335999
