IO        : 15.792061
Compute   : 411.530265
Timer Wall Time: 427.736664
