IO        : 15.293058
Compute   : 395.984689
Timer Wall Time: 411.927765
