IO        : 14.259584
Compute   : 393.518957
Timer Wall Time: 408.219788
