IO        : 8.053494
Compute   : 182.028256
Timer Wall Time: 190.340469
