IO        : 17.155817
Compute   : 408.501297
Timer Wall Time: 426.416016
