IO        : 18.405252
Compute   : 410.987758
Timer Wall Time: 430.264679
