IO        : 7.516911
Compute   : 185.429448
Timer Wall Time: 193.193314
