IO        : 16.612059
Compute   : 404.731318
Timer Wall Time: 421.805725
