IO        : 6.490216
Compute   : 144.879929
Timer Wall Time: 151.605911
