IO        : 12.240078
Compute   : 309.170040
Timer Wall Time: 321.828827
