IO        : 17.618239
Compute   : 438.183964
Timer Wall Time: 456.320740
