IO        : 15.737463
Compute   : 430.527647
Timer Wall Time: 446.853180
