IO        : 6.452700
Compute   : 147.965177
Timer Wall Time: 154.664810
