IO        : 15.731862
Compute   : 400.687180
Timer Wall Time: 417.340149
