IO        : 15.962761
Compute   : 408.519849
Timer Wall Time: 424.954620
