IO        : 17.748902
Compute   : 395.939300
Timer Wall Time: 414.229065
