IO        : 6.792847
Compute   : 147.039169
Timer Wall Time: 154.145203
