IO        : 16.658363
Compute   : 391.587493
Timer Wall Time: 408.834320
