IO        : 16.710178
Compute   : 432.793373
Timer Wall Time: 450.622894
