IO        : 20.597498
Compute   : 467.707368
Timer Wall Time: 488.887726
