IO        : 15.351009
Compute   : 398.844660
Timer Wall Time: 414.760681
