IO        : 6.171385
Compute   : 147.485335
Timer Wall Time: 153.875748
