IO        : 6.115439
Compute   : 142.818293
Timer Wall Time: 149.196350
