IO        : 16.098468
Compute   : 377.391519
Timer Wall Time: 394.096191
