IO        : 15.251409
Compute   : 371.827614
Timer Wall Time: 387.669495
