IO        : 5.976015
Compute   : 146.188815
Timer Wall Time: 152.391830
